CCdpol8s_omo
  256    nom    -number of molecules
  26     nsite   -numer of sites in a molecule
  1      npol    - number of pol centers per molecule
name          x(A)               y(A)                  z(A)            mass(amu)      q(e)            polarizability(au)   symmetry_type
O        0.000000000000      0.000000000000      0.066429434844       15.9994000    0.2925741060000   0.00000000                  1
H       -0.769239184444      0.000000000000     -0.527141698314       1.00797000    0.5606567040000   0.00000000                  2
H        0.769239184444      0.000000000000     -0.527141698314       1.00797000    0.5606567040000   0.00000000                  2
D1       0.000000000000     -0.109392157370     -0.130314571008       0.00000000   -0.7069437570000   0.00000000                  3
D1       0.000000000000      0.109392157370     -0.130314571008       0.00000000   -0.7069437570000   0.00000000                  3
N1       0.476259300000      0.028046381000      0.338673280000       0.00000000    0.00000000        0.00000000                  4
N1      -0.476259300000      0.028046381000      0.338673280000       0.00000000    0.00000000        0.00000000                  4
N1       0.476259300000     -0.028046381000      0.338673280000       0.00000000    0.00000000        0.00000000                  4
N1      -0.476259300000     -0.028046381000      0.338673280000       0.00000000    0.00000000        0.00000000                  4
N2       0.682638330000      0.074084780000     -0.481551070000       0.00000000    0.00000000        0.00000000                  5
N2      -0.682638330000      0.074084780000     -0.481551070000       0.00000000    0.00000000        0.00000000                  5
N2       0.682638330000     -0.074084780000     -0.481551070000       0.00000000    0.00000000        0.00000000                  5
N2      -0.682638330000     -0.074084780000     -0.481551070000       0.00000000    0.00000000        0.00000000                  5
N3       0.296339120000      0.127002480000     -0.254004960000       0.00000000    0.00000000        0.00000000                  6
N3      -0.296339120000      0.127002480000     -0.254004960000       0.00000000    0.00000000        0.00000000                  6
N3       0.296339120000     -0.127002480000     -0.254004960000       0.00000000    0.00000000        0.00000000                  6
N3      -0.296339120000     -0.127002480000     -0.254004960000       0.00000000    0.00000000        0.00000000                  6
N4       0.481551070000      0.111127170000     -0.359840360000       0.00000000    0.00000000        0.00000000                  7
N4      -0.481551070000      0.111127170000     -0.359840360000       0.00000000    0.00000000        0.00000000                  7
N4       0.481551070000     -0.111127170000     -0.359840360000       0.00000000    0.00000000        0.00000000                  7
N4      -0.481551070000     -0.111127170000     -0.359840360000       0.00000000    0.00000000        0.00000000                  7
N5       0.783181960000      0.137586020000     -0.328089740000       0.00000000    0.00000000        0.00000000                  8
N5      -0.783181960000      0.137586020000     -0.328089740000       0.00000000    0.00000000        0.00000000                  8
N5       0.783181960000     -0.137586020000     -0.328089740000       0.00000000    0.00000000        0.00000000                  8
N5      -0.783181960000     -0.137586020000     -0.328089740000       0.00000000    0.00000000        0.00000000                  8
p1       0.000000000000      0.000000000000     -0.128261000000       0.00000000    0.00000000        9.62780000                  9
vdw parameters
36
sa sb   a   b     beta       A0              A1             A2             C6                C8             d                         
1  1    O   O  +2.500940  +2.156529e+04  -2.283484e+04  +9.694508e+03   -346.05365700  -1830.36234907  3.05660000
1  2    O   H  +2.365680  +2.230084e+03  -7.896669e+02  -6.930442e+02   -63.70604165   -529.37099710   5.50007000
1  3    O  D1  +2.628040  +8.886464e+03  +6.329564e+03  -5.330574e+03    0.000000000    0.000000000    0.000000000 
1  4    O  N1  +1.750200  -5.644965e+01  -6.927169e+01  -5.819943e+01    0.000000000    0.000000000    0.000000000
1  5    O  N2  +2.981440  +3.369558e+03  -6.725656e+03  +3.213726e+03    0.000000000    0.000000000    0.000000000
1  6    O  N3  +5.164130  -7.314654e+05  +1.127519e+06  -5.385121e+05    0.000000000    0.000000000    0.000000000
1  7    O  N4  +5.362070  +3.533532e+05  -6.085240e+05  +3.216621e+05    0.000000000    0.000000000    0.000000000
1  8    O  N5  +5.233700  -8.318221e+03  +1.266688e+04  -3.940027e+03    0.000000000    0.000000000    0.000000000
2  2    H   H  +3.392310  +1.284429e+02  -5.716671e+03  -3.605715e+02  -11.37224240   -45.91158426     6.78350000
2  3    H  D1  +1.430670  -1.020253e+03  +5.508570e+02  -1.194854e+02    0.000000000    0.000000000    0.000000000 
2  4    H  N1  +1.279710  +5.471815e+01  -1.358130e+01  +4.478201e+00    0.000000000    0.000000000    0.000000000
2  5    H  N2  +1.618500  +2.188625e+03  -1.138864e+03  +1.555229e+02    0.000000000    0.000000000    0.000000000
2  6    H  N3  +2.536580  +1.052515e+03  +3.025066e+03  -3.071304e+03    0.000000000    0.000000000    0.000000000
2  7    H  N4  +2.388660  -2.589593e+03  -8.140587e+02  +1.677357e+03    0.000000000    0.000000000    0.000000000
2  8    H  N5  +3.499840  +1.530641e+02  +4.602364e+01  -3.929015e+01    0.000000000    0.000000000    0.000000000
3  3   D1  D1  +1.366060  +1.089992e+03  +3.607354e+02  -1.784805e+00    0.000000000    0.000000000    0.000000000
3  4   D1  N1  +1.536180  -3.820198e+02  +2.785020e+02  -5.177012e+01    0.000000000    0.000000000    0.000000000
3  5   D1  N2  +4.509280  -1.310589e+04  +2.535387e+04  -2.298026e+04    0.000000000    0.000000000    0.000000000
3  6   D1  N3  +1.976390  -7.141176e+03  +3.844369e+03  -8.818357e+02    0.000000000    0.000000000    0.000000000
3  7   D1  N4  +4.373110  +6.478181e+04  -1.075564e+05  +8.552485e+04    0.000000000    0.000000000    0.000000000
3  8   D1  N5  +3.143430  +8.526998e+02  -1.780205e+03  +7.630073e+02    0.000000000    0.000000000    0.000000000
4  4   N1  N1  +1.470830  +1.280002e+01  +3.598023e+00  +3.659036e+00    0.000000000    0.000000000    0.000000000
4  5   N1  N2  +2.576360  +1.800113e+01  -1.479892e+01  -1.340090e+00    0.000000000    0.000000000    0.000000000
4  6   N1  N3  +3.310420  +3.533257e+02  +1.537524e+02  +2.869165e+02    0.000000000    0.000000000    0.000000000
4  7   N1  N4  +2.475980  -1.729179e+02  -3.951570e+01  +5.713665e+00    0.000000000    0.000000000    0.000000000
4  8   N1  N5  +1.760260  -7.524241e-01  +2.579299e-01  +8.590322e-03    0.000000000    0.000000000    0.000000000
5  5   N2  N2  +2.664130  -2.640889e+03  +4.370780e+02  -1.506336e+03    0.000000000    0.000000000    0.000000000
5  6   N2  N3  +2.248320  -6.834160e+02  +1.450215e+03  +2.568235e+02    0.000000000    0.000000000    0.000000000
5  7   N2  N4  +4.271810  +3.814494e+03  +9.763171e+02  +2.800899e+03    0.000000000    0.000000000    0.000000000
5  8   N2  N5  +6.151800  +6.951504e+02  -3.576544e+03  +2.416365e+03    0.000000000    0.000000000    0.000000000
6  6   N3  N3  +3.171590  +7.228593e+03  +5.071974e+03  +2.652933e+03    0.000000000    0.000000000    0.000000000
6  7   N3  N4  +3.528800  -9.719378e+02  -5.235219e+03  -8.967296e+03    0.000000000    0.000000000    0.000000000
6  8   N3  N5  +3.458320  -1.239328e+03  +2.232644e+03  -7.664137e+02    0.000000000    0.000000000    0.000000000
7  7   N4  N4  +2.564840  -4.922067e+03  +1.091117e+04  -4.012181e+03    0.000000000    0.000000000    0.000000000
7  8   N4  N5  +5.148980  -1.520720e+03  +5.945053e+03  -5.360205e+03    0.000000000    0.000000000    0.000000000
8  8   N5  N5  +8.160800  -1.165304e+03  +4.687378e+03  -4.653568e+03    0.000000000    0.000000000    0.000000000
