CCpol8s_omo
  256    nom    -number of molecules
  26     nsite   -numer of sites in a molecule
  1      npol    - number of pol centers per molecule
name          x(A)               y(A)                  z(A)            mass(amu)      q(e)            polarizability(au)   symmetry_type
O        0.000000000000      0.000000000000      0.066429434844       15.9994000    0.2925741060000   0.00000000                  1
H       -0.769239184444      0.000000000000     -0.527141698314       1.00797000    0.5606567040000   0.00000000                  2
H        0.769239184444      0.000000000000     -0.527141698314       1.00797000    0.5606567040000   0.00000000                  2  
D1       0.000000000000     -0.109392157370     -0.130314571008       0.00000000   -0.7069437570000   0.00000000                  3
D1       0.000000000000      0.109392157370     -0.130314571008       0.00000000   -0.7069437570000   0.00000000                  3
N1       0.476259300000      0.028046381000      0.338673280000       0.00000000    0.00000000        0.00000000                  4 
N1      -0.476259300000      0.028046381000      0.338673280000       0.00000000    0.00000000        0.00000000                  4
N1       0.476259300000     -0.028046381000      0.338673280000       0.00000000    0.00000000        0.00000000                  4
N1      -0.476259300000     -0.028046381000      0.338673280000       0.00000000    0.00000000        0.00000000                  4
N2       0.682638330000      0.074084780000     -0.481551070000       0.00000000    0.00000000        0.00000000                  5
N2      -0.682638330000      0.074084780000     -0.481551070000       0.00000000    0.00000000        0.00000000                  5
N2       0.682638330000     -0.074084780000     -0.481551070000       0.00000000    0.00000000        0.00000000                  5
N2      -0.682638330000     -0.074084780000     -0.481551070000       0.00000000    0.00000000        0.00000000                  5
N3       0.296339120000      0.127002480000     -0.254004960000       0.00000000    0.00000000        0.00000000                  6
N3      -0.296339120000      0.127002480000     -0.254004960000       0.00000000    0.00000000        0.00000000                  6
N3       0.296339120000     -0.127002480000     -0.254004960000       0.00000000    0.00000000        0.00000000                  6
N3      -0.296339120000     -0.127002480000     -0.254004960000       0.00000000    0.00000000        0.00000000                  6
N4       0.481551070000      0.111127170000     -0.359840360000       0.00000000    0.00000000        0.00000000                  7
N4      -0.481551070000      0.111127170000     -0.359840360000       0.00000000    0.00000000        0.00000000                  7
N4       0.481551070000     -0.111127170000     -0.359840360000       0.00000000    0.00000000        0.00000000                  7
N4      -0.481551070000     -0.111127170000     -0.359840360000       0.00000000    0.00000000        0.00000000                  7
N5       0.783181960000      0.137586020000     -0.328089740000       0.00000000    0.00000000        0.00000000                  8 
N5      -0.783181960000      0.137586020000     -0.328089740000       0.00000000    0.00000000        0.00000000                  8
N5       0.783181960000     -0.137586020000     -0.328089740000       0.00000000    0.00000000        0.00000000                  8 
N5      -0.783181960000     -0.137586020000     -0.328089740000       0.00000000    0.00000000        0.00000000                  8
p1       0.000000000000      0.000000000000     -0.128261000000       0.00000000    0.00000000        9.62780000                  9
vdw parameters
36
sa sb  a  b           beta              A0              A1                  A2                c6                c8                  d
1  1   O  O    2.6052399713E+00  2.6988094396E+04 -2.9349233511E+04  1.1727889510E+04  -3.4600519871E+02 -1.8303690474E+03  3.1593200000E+00
1  2   O  H    2.3993599851E+00  2.6234602261E+03 -1.0642915144E+03 -5.8969870967E+02  -6.3665435620E+01 -5.2959160869E+02  5.5385600000E+00
1  3   O  D1   2.6910800009E+00  7.3788032658E+03  9.7280853145E+03 -6.3375254434E+03   0.0000000000E+00  0.0000000000E+00  0.0000000000E+00
1  4   O  N1   1.7809300081E+00 -7.7558049504E+01 -1.8506856825E+01 -7.7469723376E+01   0.0000000000E+00  0.0000000000E+00  0.0000000000E+00
1  5   O  N2   3.1100900340E+00  4.3966246433E+03 -8.7009808620E+03  3.9637528283E+03   0.0000000000E+00  0.0000000000E+00  0.0000000000E+00
1  6   O  N3   5.1697000571E+00 -6.6382037720E+05  1.0496425701E+06 -5.1859846575E+05   0.0000000000E+00  0.0000000000E+00  0.0000000000E+00
1  7   O  N4   5.4918799534E+00  4.5083123646E+05 -7.8584974837E+05  4.1302361585E+05   0.0000000000E+00  0.0000000000E+00  0.0000000000E+00
1  8   O  N5   5.4874998868E+00 -8.2696048642E+03  1.1525172236E+04 -2.6618503736E+03   0.0000000000E+00  0.0000000000E+00  0.0000000000E+00
2  2   H  H    3.5820900227E+00  6.6904971349E+02 -5.7101702878E+03 -6.9147177461E+02  -1.1391766130E+01 -4.5684835840E+01  7.0089900000E+00
2  3   H  D1   1.4106799959E+00 -8.1680919319E+02  4.2738590349E+02 -9.9460946826E+01   0.0000000000E+00  0.0000000000E+00  0.0000000000E+00
2  4   H  N1   1.2154599997E+00  4.9938623515E+01 -9.1365780117E+00  2.7167442911E+00   0.0000000000E+00  0.0000000000E+00  0.0000000000E+00
2  5   H  N2   1.6186399992E+00  1.9303613565E+03 -1.0417696734E+03  1.4607291321E+02   0.0000000000E+00  0.0000000000E+00  0.0000000000E+00
2  6   H  N3   2.5371099907E+00  1.0701214794E+03  2.7232213937E+03 -3.0354013920E+03   0.0000000000E+00  0.0000000000E+00  0.0000000000E+00
2  7   H  N4   2.4441500113E+00 -2.1197517376E+03 -1.4263050700E+03  2.0131434229E+03   0.0000000000E+00  0.0000000000E+00  0.0000000000E+00
2  8   H  N5   2.8775400118E+00  2.0233137029E+02 -1.4777115372E+02  3.0309518257E+01   0.0000000000E+00  0.0000000000E+00  0.0000000000E+00
3  3   D1 D1   1.2645199931E+00  1.2499116253E+03  2.1055362971E+02 -1.3724030043E+01   0.0000000000E+00  0.0000000000E+00  0.0000000000E+00
3  4   D1 N1   1.5082400053E+00 -3.7640234444E+02  2.6189842280E+02 -4.7991704203E+01   0.0000000000E+00  0.0000000000E+00  0.0000000000E+00
3  5   D1 N2   4.3682300897E+00 -5.9652552640E+03  1.3435196997E+04 -1.7327580111E+04   0.0000000000E+00  0.0000000000E+00  0.0000000000E+00
3  6   D1 N3   1.9315400027E+00 -7.0149738483E+03  3.6773015041E+03 -8.4620285100E+02   0.0000000000E+00  0.0000000000E+00  0.0000000000E+00
3  7   D1 N4   4.3408100169E+00  5.9148622345E+04 -9.9131560633E+04  8.2248704118E+04   0.0000000000E+00  0.0000000000E+00  0.0000000000E+00
3  8   D1 N5   3.0532300120E+00  7.6081219025E+02 -1.6176599916E+03  6.9889293146E+02   0.0000000000E+00  0.0000000000E+00  0.0000000000E+00
4  4   N1 N1   1.5434700036E+00  1.4186145295E+01  9.5572835084E-01  5.8125640586E+00   0.0000000000E+00  0.0000000000E+00  0.0000000000E+00
4  5   N1 N2   1.9542499915E+00  2.1516332847E+01 -2.6976253188E+01  2.9138811600E+00   0.0000000000E+00  0.0000000000E+00  0.0000000000E+00
4  6   N1 N3   3.2968099539E+00  3.3784061077E+02  1.8947452221E+02  2.7084226924E+02   0.0000000000E+00  0.0000000000E+00  0.0000000000E+00
4  7   N1 N4   2.5541399774E+00 -1.6853021668E+02 -7.3594166720E+01  2.5676251177E+01   0.0000000000E+00  0.0000000000E+00  0.0000000000E+00
4  8   N1 N5   2.2488100028E+00 -7.0704955201E-01 -2.0947168971E-01 -3.9933982486E-01   0.0000000000E+00  0.0000000000E+00  0.0000000000E+00
5  5   N2 N2   2.6924800110E+00 -2.2711947032E+03  3.0467095593E+02 -1.4732221030E+03   0.0000000000E+00  0.0000000000E+00  0.0000000000E+00
5  6   N2 N3   2.1418200124E+00 -5.1396423127E+02  1.4464520175E+03  7.7214656902E+01   0.0000000000E+00  0.0000000000E+00  0.0000000000E+00
5  7   N2 N4   4.2300599311E+00  3.2771812815E+03  3.8204838842E+02  2.8060219623E+03   0.0000000000E+00  0.0000000000E+00  0.0000000000E+00
5  8   N2 N5   6.0126000046E+00  5.5752288897E+02 -3.3629188591E+03  2.3556058470E+03   0.0000000000E+00  0.0000000000E+00  0.0000000000E+00
6  6   N3 N3   3.0937300271E+00  7.1412914446E+03  5.3108126215E+03  1.6864907149E+03   0.0000000000E+00  0.0000000000E+00  0.0000000000E+00
6  7   N3 N4   3.6261100520E+00 -2.5100074074E+03 -2.9192642080E+03 -1.1460184470E+04   0.0000000000E+00  0.0000000000E+00  0.0000000000E+00
6  8   N3 N5   3.3759399461E+00 -1.1533619165E+03  2.0813523390E+03 -7.2556632075E+02   0.0000000000E+00  0.0000000000E+00  0.0000000000E+00
7  7   N4 N4   2.5809600051E+00 -4.4050369912E+03  1.0394614980E+04 -4.0858109466E+03   0.0000000000E+00  0.0000000000E+00  0.0000000000E+00
7  8   N4 N5   5.2121699791E+00 -2.0523992105E+03  7.3665365068E+03 -6.2131411100E+03   0.0000000000E+00  0.0000000000E+00  0.0000000000E+00
8  8   N5 N5   8.1399200155E+00 -9.2757852755E+02  4.0149663436E+03 -4.3334516381E+03   0.0000000000E+00  0.0000000000E+00  0.0000000000E+00
